{
  "scenes" : {
    "-KycfvUkLTsz4AbasFz0" : {
      "locInfos" : {
        "4" : {
          "info" : "Symbiosis College is a multi-lingual, multi-national, multi-cultural and multi-disciplinary educational complex of international repute. Symbiosis was formed to promote global understanding between Indian & foreign students through education.",
          "location" : [ {
            "rotateY" : -154
          }, {
            "translate" : [ 0, 0.6, -4 ]
          } ],
          "options" : [ {
            "isCorrect" : true,
            "text" : "Symbiosis College"
          }, {
            "isCorrect" : false,
            "text" : "Fergusson College"
          }, {
            "isCorrect" : false,
            "text" : "BMCC"
          }, {
            "isCorrect" : false,
            "text" : "College of Engineering, Pune"
          } ],
          "prompt" : "What is the name of this college?",
          "type" : "mcq"
        },
        "-KrIgKpcKKU4KyG8wDmA" : {
          "location" : [ {
            "rotateY" : -19.075424824307618
          }, {
            "matrix" : [ 0.1722664088010788, 0, -0.98505038022995, 0, 0.17159320414066315, 0.9847107529640198, 0.030008358880877495, 0, 0.9699897170066833, -0.17419737577438354, 0.16963258385658264, 0, -3.8799588680267334, 0.6967895030975342, -0.6785303354263306, 1 ]
          } ],
          "options" : [ {
            "isCorrect" : true,
            "text" : "Hanuman Temple"
          }, {
            "isCorrect" : false,
            "text" : "Flag pole"
          }, {
            "isCorrect" : false,
            "text" : "Pagoda"
          }, {
            "isCorrect" : false,
            "text" : "Helipad"
          } ],
          "prompt" : "What structure can be found behind these bushes?",
          "type" : "mcq"
        },
        "-KrIyPvsoroVYyWVf_l_" : {
          "location" : [ {
            "rotateY" : -39.002348383321014
          }, {
            "matrix" : [ 0.12572060525417328, 0, 0.9920656681060791, 0, -0.12416843324899673, 0.9921363592147827, 0.015735380351543427, 0, -0.9842644333839417, -0.12516149878501892, 0.12473198771476746, 0, 3.9370577335357666, 0.5006459951400757, -0.4989279508590698, 1 ]
          } ],
          "options" : [ {
            "isCorrect" : true,
            "text" : "Sinhgad Fort"
          }, {
            "isCorrect" : false,
            "text" : "Parvati Temple"
          }, {
            "isCorrect" : false,
            "text" : "Shaniwar Wada"
          }, {
            "isCorrect" : false,
            "text" : "Raigad Fort"
          } ],
          "prompt" : "What is at the top of this mountain?",
          "type" : "mcq"
        },
        "-KrWrN3X0JAduey-LvRI" : {
          "location" : [ {
            "rotateY" : -10.11157793303836
          }, {
            "matrix" : [ 0.45649704337120056, 0, 0.8897249102592468, 0, -0.0745624378323555, 0.996482253074646, 0.038256242871284485, 0, -0.8865951299667358, -0.0838039219379425, 0.4548912048339844, 0, 3.5463805198669434, 0.33521568775177, -1.8195648193359375, 1 ]
          } ],
          "options" : [ {
            "isCorrect" : true,
            "text" : "Parvati Temple"
          }, {
            "isCorrect" : false,
            "text" : "Hanuman Temple"
          }, {
            "isCorrect" : false,
            "text" : "Sinhgad Fort"
          }, {
            "isCorrect" : false,
            "text" : "Raigad Fort"
          } ],
          "prompt" : "What is at the top of this hill?",
          "type" : "mcq"
        },
        "-KwvAQBPPBRvQK3MNZXj" : {
          "info" : "Hanuman Tekdi, also known as Fergusson Hill, is a small hill behind the Fergusson College campus in Pune. It is popular among locals for daily exercise that also provides a great view of the main city.",
          "location" : [ {
            "rotateY" : -0.27899999999999997
          }, {
            "matrix" : [ 0.9829027056694031, 0, -0.18412576615810394, 0, -0.04858679324388504, 0.9645559787750244, -0.2593666911125183, 0, 0.17759960889816284, 0.2638782858848572, 0.9480646848678589, 0, -0.7103984355926514, -1.0555131435394287, -3.7922587394714355, 1 ]
          } ],
          "options" : [ {
            "isCorrect" : false,
            "text" : "Taljai Tekdi"
          }, {
            "isCorrect" : false,
            "text" : "Vetal Tekdi"
          }, {
            "isCorrect" : false,
            "text" : "Parvati"
          }, {
            "isCorrect" : true,
            "text" : "Fegusson Hill"
          } ],
          "prompt" : "What's another name for this hill?",
          "type" : "mcq"
        }
      },
      "rank" : 0.4,
      "source" : "HanumanTekdi.jpg",
      "title" : "Hanuman Tekdi, Pune",
      "type" : "quiz"
    },
    "-KycfvUomiZO3vjmcku0" : {
      "locInfos" : {
        "-L7BNkhpydt6FqaA8N_p" : {
          "location" : [ {
            "matrix" : [ -0.7628610802592367, 0, -0.646562427168259, 0, -0.20721143935360808, 0.9472546999322573, 0.2444830318391333, 0, 0.6124592979347413, 0.320481720939352, -0.7226237436709612, 0, -2.449837191738965, -1.281926883757408, 2.8904949746838446, 1 ]
          } ],
          "type" : "hidden"
        },
        "-L7VP8XEuqXggX35odBy" : {
          "location" : [ {
            "matrix" : [ -0.31484746833671495, 0, -0.9491422821063032, 0, -0.28043363925906356, 0.9553550914078849, 0.09302485309286739, 0, 0.9067679116807558, 0.2954600638344075, -0.30079113189236345, 0, -3.627071646723023, -1.18184025533763, 1.2031645275694538, 1 ]
          } ],
          "type" : "hidden"
        },
        "-L7VPKEnQauKbdZQOjRP" : {
          "location" : [ {
            "matrix" : [ -0.7716408601714194, 0, 0.6360584744454805, 0, -0.04970519286547017, 0.996941954106423, -0.06030036438259145, 0, -0.6341133784396276, -0.07814563418686223, -0.7692811470076559, 0, 2.5364535137585102, 0.3125825367474489, 3.0771245880306237, 1 ]
          } ],
          "type" : "hidden"
        },
        "-L7VPLOMOT-N6EmQDu_W" : {
          "location" : [ {
            "matrix" : [ -0.5031293741367637, 0, 0.8642111043493648, 0, -0.09141556490781767, 0.9943896416707747, -0.053220625987045404, 0, -0.8593625703818691, -0.10577920654773507, -0.5003066380618976, 0, 3.4374502815274766, 0.42311682619094027, 2.0012265522475903, 1 ]
          } ],
          "type" : "hidden"
        },
        "-L7VPNyJXhWe9lM-PBXp" : {
          "location" : [ {
            "matrix" : [ 0.5366273606324141, 0, 0.8438193383780019, 0, -0.08391914275180215, 0.9950424055377469, 0.05336842382398803, 0, -0.8396360242989171, -0.09945155193185354, 0.5339669798010493, 0, 3.3585440971956686, 0.39780620772741415, -2.1358679192041974, 1 ]
          } ],
          "type" : "hidden"
        },
        "-L7VPVWfMXuicwS39eOv" : {
          "location" : [ {
            "matrix" : [ 0.700332451193767, 0, -0.713816823705445, 0, -0.2379105017666177, 0.9428231267005267, -0.23341624816580162, 0, 0.6730030096174061, 0.33329349192362406, 0.6602896313643513, 0, -2.6920120384696244, -1.3331739676944963, -2.641158525457405, 1 ]
          } ],
          "type" : "hidden"
        }
      },
      "rank" : 0.6,
      "source" : "ShilsholeMarina.JPG",
      "title" : "Shilshiole Marina, Seattle",
      "type" : "huntArtefact"
    },
    "-KycfvUpD80cwAXDoKpE" : {
      "locInfos" : {
        "-KwHLsDNweHP22V5wQZX" : {
          "location" : [ {
            "rotateY" : -8.318
          }, {
            "matrix" : [ 0.6311695575714111, 0, -0.7756448984146118, 0, 0.4751109480857849, 0.790442168712616, 0.38661453127861023, 0, 0.6131024360656738, -0.6125366687774658, 0.4989030361175537, 0, -2.4524097442626953, 2.4501466751098633, -1.9956121444702148, 1 ]
          } ],
          "options" : [ {
            "isCorrect" : true,
            "text" : "Gasification plant"
          }, {
            "isCorrect" : false,
            "text" : "Oil refinery"
          }, {
            "isCorrect" : false,
            "text" : "Historical fort"
          }, {
            "isCorrect" : false,
            "text" : "Steamboat"
          } ],
          "prompt" : "What is this structure?",
          "type" : "mcq"
        },
        "-Kwv50DGmE4uM_dlR30R" : {
          "location" : [ {
            "rotateY" : -0.12100000000000001
          }, {
            "matrix" : [ -0.2739528715610504, 0, 0.9617431163787842, 0, -0.18132330477237701, 0.98206627368927, -0.05165000632405281, 0, -0.944495439529419, -0.18853610754013062, -0.2690398693084717, 0, 3.777981758117676, 0.7541444301605225, 1.0761594772338867, 1 ]
          } ],
          "options" : [ {
            "isCorrect" : true,
            "text" : "Columbia Center"
          }, {
            "isCorrect" : false,
            "text" : "Space Needle"
          }, {
            "isCorrect" : false,
            "text" : "Two Union Square"
          }, {
            "isCorrect" : false,
            "text" : "Smith Tower"
          } ],
          "prompt" : "What's the tallest structure in Seattle?",
          "type" : "mcq"
        },
        "-Kwv5zs_cYI0JCT5OrNk" : {
          "location" : [ {
            "rotateY" : -0.12100000000000001
          }, {
            "matrix" : [ -0.9152822494506836, 0, -0.4028130769729614, 0, 0.0670270025730133, 0.98605877161026, -0.15230047702789307, 0, 0.3971973955631256, -0.16639728844165802, -0.9025221467018127, 0, -1.5887895822525024, 0.6655891537666321, 3.610088586807251, 1 ]
          } ],
          "options" : [ {
            "isCorrect" : true,
            "text" : "Aurora Bridge"
          }, {
            "isCorrect" : false,
            "text" : "Fremont Bridge"
          }, {
            "isCorrect" : false,
            "text" : "Ship Canal Bridge"
          }, {
            "isCorrect" : false,
            "text" : "Montlake Bridge"
          } ],
          "prompt" : "What's the name of this bridge?",
          "type" : "mcq"
        },
        "-Kxy_Ss0KR5bQHMnOaLh" : {
          "location" : [ {
            "rotateY" : -10.503523222222224
          }, {
            "matrix" : [ -0.6775713624291623, 0, 0.7354570339699587, 0, 0.02064243268138357, 0.999606030406643, 0.01901772719512619, 0, -0.735167286261354, 0.028067489639682683, -0.6773044199150356, 0, 2.9406691450454163, -0.11226995855873076, 2.709217679660143, 1 ]
          } ],
          "options" : [ {
            "isCorrect" : true,
            "text" : "Lake Union"
          }, {
            "isCorrect" : false,
            "text" : "Puget Sound"
          }, {
            "isCorrect" : false,
            "text" : "Greenlake"
          }, {
            "isCorrect" : false,
            "text" : "Lake Washington"
          } ],
          "prompt" : "What is the name of this body of water?",
          "type" : "mcq"
        },
        "-KxzIxd-qNMARw8qdh_m" : {
          "location" : [ {
            "rotateY" : -2.12
          }, {
            "matrix" : [ 0.6314239083781503, 0, 0.7754378427240066, 0, -0.1624655074290836, 0.9778055303025819, 0.13229249338302315, 0, -0.7582274110214373, -0.20951454581886875, 0.6174097895774261, 0, 3.0329096440857493, 0.838058183275475, -2.4696391583097044, 1 ]
          } ],
          "options" : [ {
            "isCorrect" : true,
            "text" : "Capitol Hill"
          }, {
            "isCorrect" : false,
            "text" : "First Hill"
          }, {
            "isCorrect" : false,
            "text" : "Queen Anne Hill"
          }, {
            "isCorrect" : false,
            "text" : "Beacon Hill"
          } ],
          "prompt" : "What is the name of this hill?",
          "type" : "mcq"
        }
      },
      "rank" : 0.4,
      "source" : "GasWorks.jpeg",
      "title" : "Gas Works Park, Seattle",
      "type" : "quiz"
    },
    "-KycfvUsyJ1jLGW9TocX" : {
      "locInfos" : {
        "-L7BRBHMDv8KceDls0Kz" : {
          "location" : [ {
            "matrix" : [ 0.5658439527021297, 0, 0.8245123535705392, 0, -0.05065994353041479, 0.9981106364307744, 0.03476675948732667, 0, -0.8229545499673268, -0.06144230988296611, 0.5647748677520278, 0, 3.291818199869307, 0.24576923953186444, -2.259099471008111, 1 ]
          } ],
          "type" : "hidden"
        },
        "-L89o_-nFfZhSwS9HLE-" : {
          "location" : [ {
            "matrix" : [ -0.5069525427713316, 0, 0.8619739667633131, 0, 0.7496080858733116, 0.49368427255585123, 0.4408668241366661, 0, -0.4255429907436277, 0.869641212817677, -0.25027449729840395, 0, 1.7021719629745105, -3.4785648512707072, 1.0010979891936156, 1 ]
          } ],
          "type" : "hidden"
        },
        "-L89ofBqV6V0xY6sHiem" : {
          "location" : [ {
            "matrix" : [ 0.23858531046639161, 0, 0.9711215421509585, 0, 0.9685236055675314, 0.07309738267264382, -0.23794704895181737, 0, -0.07098644298825658, 0.9973248079970785, 0.017439961739233352, 0, 0.2839457719530263, -3.989299231988313, -0.0697598469569334, 1 ]
          } ],
          "type" : "hidden"
        },
        "-L89og0MelgIrDsQdtnz" : {
          "location" : [ {
            "matrix" : [ 0.6727804125276625, 0, 0.7398422240715302, 0, 0.6577790300400966, 0.45775157031724856, -0.5981557050731884, 0, -0.3386639398557486, 0.8890801425473934, 0.30796629031322376, 0, 1.3546557594229942, -3.556320570189573, -1.2318651612528948, 1 ]
          } ],
          "type" : "hidden"
        },
        "-L89oiateoJ7iaJhemSE" : {
          "location" : [ {
            "matrix" : [ -0.9991327169968489, 0, 0.0416390901256809, 0, 0.03669791688823045, 0.47249508647556976, 0.8805689388983174, 0, -0.01967426548969764, 0.881333304293242, -0.4720852995179971, 0, 0.07869706195879055, -3.525333217172967, 1.888341198071988, 1 ]
          } ],
          "type" : "hidden"
        },
        "-L89olUzJ5vbib5pBDo1" : {
          "location" : [ {
            "matrix" : [ 0.5338849449292286, 0, 0.8455571332428782, 0, 0.07621086422284946, 0.995929923535312, -0.04811955508266963, 0, -0.8421156510553174, 0.09013094588956488, 0.531711992380021, 0, 3.3684626042212686, -0.3605237835582595, -2.1268479695200835, 1 ]
          } ],
          "type" : "hidden"
        }
      },
      "rank" : 0.4,
      "source" : "WhiteRock.JPG",
      "title" : "White Rock, Canada",
      "type" : "huntArtefact"
    },
    "-KycfvUsyJ1jLGW9TocY" : {
      "locInfos" : {
        "-L7BRPdH7pddVRYbHoRe" : {
          "location" : [ {
            "matrix" : [ 0.394665689293856, 0, 0.9188247894425823, 0, 0.7457561560695026, 0.5841561292678003, -0.32032697720189135, 0, -0.5367371324760803, 0.8116413103328719, 0.23054638141270717, 0, 2.1469485299043214, -3.2465652413314876, -0.9221855256508287, 1 ]
          } ],
          "type" : "hidden"
        },
        "-L7BRQpKfYl6LU-B71VW" : {
          "location" : [ {
            "matrix" : [ 0.9952334893838047, 0, -0.09752077526833085, 0, -0.0613399031748749, 0.7774108125565276, -0.6259950836857241, 0, 0.0758137051424956, 0.6289931863861482, 0.7737052756653319, 0, -0.3032548205699824, -2.515972745544593, -3.0948211026613275, 1 ]
          } ],
          "type" : "hidden"
        },
        "-L7BRTzOlBoeutGxriEq" : {
          "location" : [ {
            "matrix" : [ 0.974885482844104, 0, -0.22270674740523339, 0, 0.019770971602048173, 0.9960516330949389, 0.08654624712150447, 0, 0.22182741945424472, -0.08877580869192639, 0.9710362772674177, 0, -0.8873096778169787, 0.3551032347677055, -3.88414510906967, 1 ]
          } ],
          "type" : "hidden"
        }
      },
      "rank" : 0.4,
      "source" : "LaConner.JPG",
      "title" : "La Conner, Washington",
      "type" : "huntArtefact"
    },
    "-KycfvUsyJ1jLGW9TocZ" : {
      "locInfos" : {
        "-L7BRrisZXbxlXHMmfv3" : {
          "location" : [ {
            "matrix" : [ 0.01219836192990824, 0, -0.9999255972152262, 0, -0.49325601489515575, 0.8698633772673985, -0.006017363102367131, 0, 0.8697986570097572, 0.49329271724702756, 0.010610908305480045, 0, -3.479194628039028, -1.9731708689881098, -0.04244363322192017, 1 ]
          } ],
          "type" : "hidden"
        },
        "-L7BRvHBFf_MJ9Wry5HK" : {
          "location" : [ {
            "matrix" : [ 0.9775486871134378, 0, -0.2107096683182664, 0, -0.08266754933516915, 0.9198248866877654, -0.3835208652951707, 0, 0.19381599678486608, 0.3923291702510013, 0.899173610355892, 0, -0.7752639871394643, -1.5693166810040051, -3.596694441423568, 1 ]
          } ],
          "type" : "hidden"
        },
        "-L7BRxSoan32ooy59Z9y" : {
          "location" : [ {
            "matrix" : [ 0.9458392522682173, 0, 0.32463534753427553, 0, 0.08125420579251565, 0.9681699373002415, -0.2367376745452112, 0, -0.31430218406770155, 0.2502937724116339, 0.9157331295646269, 0, 1.2572087362708062, -1.0011750896465357, -3.6629325182585077, 1 ]
          } ],
          "type" : "hidden"
        },
        "-L7BS025Ub0gghc_VSYV" : {
          "location" : [ {
            "matrix" : [ -0.38928524018264177, 0, 0.9211172573434628, 0, -0.14461617126376206, 0.9875984711856816, -0.06111810468850641, 0, -0.9096939951351517, -0.15700082710516203, -0.3844575080595278, 0, 3.638775980540607, 0.6280033084206481, 1.537830032238111, 1 ]
          } ],
          "type" : "hidden"
        },
        "-L7BS6tA583jko5BY-u9" : {
          "location" : [ {
            "matrix" : [ -0.09850514232265847, 0, -0.9951365418554344, 0, -0.40663189942412076, 0.9127049621388197, 0.04025109262998493, 0, 0.9082660597571203, 0.40861920180918554, -0.08990613219408104, 0, -3.63306423902848, -1.6344768072367417, 0.3596245287763241, 1 ]
          } ],
          "type" : "hidden"
        },
        "-L7BS9GjraEgs3gKoTSo" : {
          "location" : [ {
            "matrix" : [ 0.047355256567602054, 0, -0.9988781105197052, 0, -0.18916314298386872, 0.9819047212252673, -0.008967930195681649, 0, 0.980803132647873, 0.1893756014789925, 0.04649834999856231, 0, -3.923212530591492, -0.75750240591597, -0.18599339999424924, 1 ]
          } ],
          "type" : "hidden"
        }
      },
      "rank" : 0.4,
      "source" : "RosarioPoint.JPG",
      "title" : "Rosario Point, Washington",
      "type" : "huntArtefact"
    },
    "-KycfvUtjx6bW6jkRYuW" : {
      "locInfos" : {
        "-L7BSL8j7U2jnejRsC5R" : {
          "location" : [ {
            "matrix" : [ -0.0951286379421325, 0, 0.995464987954511, 0, 0.4175382351595006, 0.907782875363684, 0.039900794181723806, 0, -0.903666069089221, 0.41944040243691677, -0.08635614848053988, 0, 3.614664276356883, -1.6777616097476666, 0.34542459392215946, 1 ]
          } ],
          "type" : "hidden"
        },
        "-L7BSP7gGuvmfSUwH_h7" : {
          "location" : [ {
            "matrix" : [ 0.911757161049385, 0, 0.4107296912510294, 0, -0.14413553167672216, 0.9364033732162114, 0.31995885850773037, 0, -0.3846086683675169, -0.35092552290949314, 0.8537724811606804, 0, 1.5384346734700676, 1.4037020916379725, -3.4150899246427215, 1 ]
          } ],
          "type" : "hidden"
        },
        "-L7BSUpXV9YmH603QXVu" : {
          "location" : [ {
            "matrix" : [ 0.03949977001267842, 0, -0.9992195795564385, 0, 0.2015093857133263, 0.9794541917018225, 0.007965791057262722, 0, 0.9786898056270862, -0.201666770583877, 0.03868821531017582, 0, -3.914759222508344, 0.8066670823355078, -0.15475286124070325, 1 ]
          } ],
          "type" : "hidden"
        },
        "-L7BSeV8ZJUB2HnzWqmN" : {
          "location" : [ {
            "matrix" : [ 0.10738828242890415, 0, -0.9942171577663351, 0, 0.05348392197157251, 0.9985520000962089, 0.0057769537301010565, 0, 0.9927775314175422, -0.053795010027520074, 0.10723278420627883, 0, -3.971110125670168, 0.21518004011008024, -0.4289311368251152, 1 ]
          } ],
          "type" : "hidden"
        }
      },
      "rank" : 0.4,
      "source" : "RosarioLawn.JPG",
      "title" : "Rosario Lawn, Washington",
      "type" : "huntArtefact"
    },
    "-KycfvUtjx6bW6jkRYuX" : {
      "rank" : 0.4,
      "source" : "IssaquahTrail.jpeg",
      "title" : "Trail in Issaquah, Washington",
      "type" : "huntArtefact"
    },
    "-KycfvUtjx6bW6jkRYuY" : {
      "locInfos" : {
        "-KvESx81U7NNrAXKSDKc" : {
          "location" : [ {
            "rotateY" : -1.58
          }, {
            "matrix" : [ 0.9706099629402161, 0, -0.24065808951854706, 0, 0.06308475881814957, 0.9650313854217529, 0.25443023443222046, 0, 0.23224259912967682, -0.2621343731880188, 0.9366690516471863, 0, -0.9289703965187073, 1.0485374927520752, -3.746676206588745, 1 ]
          } ],
          "options" : [ {
            "isCorrect" : true,
            "text" : "Little Tahoma"
          }, {
            "isCorrect" : false,
            "text" : "Little Rainier"
          }, {
            "isCorrect" : false,
            "text" : "R2"
          }, {
            "isCorrect" : false,
            "text" : "Mt. St. Helens"
          } ],
          "prompt" : "What is the name of this peak?",
          "type" : "mcq"
        },
        "-KvET-UoEevx_BngU82W" : {
          "location" : [ {
            "rotateY" : -1.58
          }, {
            "matrix" : [ 0.9983757734298706, 0, 0.05697237327694893, 0, -0.017408337444067, 0.95217365026474, 0.3050612211227417, 0, -0.05424759164452553, -0.305557519197464, 0.9506270885467529, 0, 0.2169903665781021, 1.222230076789856, -3.8025083541870117, 1 ]
          } ],
          "options" : [ {
            "isCorrect" : true,
            "text" : "Tahoma"
          }, {
            "isCorrect" : false,
            "text" : "Hinhan Kaga"
          }, {
            "isCorrect" : false,
            "text" : "Mt. Baker"
          }, {
            "isCorrect" : false,
            "text" : "Denali"
          } ],
          "prompt" : "What was the original name of Mt. Rainier?",
          "type" : "mcq"
        },
        "-KvEyYmwAVvGQOmO8WPU" : {
          "location" : [ {
            "rotateY" : -5.142
          }, {
            "matrix" : [ 0.0077153099700808525, 0, 0.9999702572822571, 0, 0.3888623118400574, 0.9212909936904907, -0.0030002824496477842, 0, -0.921263575553894, 0.3888738751411438, 0.0071080452762544155, 0, 3.685054302215576, -1.5554955005645752, -0.028432181105017662, 1 ]
          } ],
          "options" : [ {
            "isCorrect" : true,
            "text" : "Igneous"
          }, {
            "isCorrect" : false,
            "text" : "Sedimentary"
          }, {
            "isCorrect" : false,
            "text" : "Metamorphic"
          }, {
            "isCorrect" : false,
            "text" : "Slate"
          } ],
          "prompt" : "What type of this rock is this most likely to be?",
          "type" : "mcq"
        },
        "-Kxy_iDuvng5XlMtD83Z" : {
          "location" : [ {
            "rotateY" : -6.603
          }, {
            "matrix" : [ 0.40605772454607086, 0, -0.913847429463183, 0, 0.09841992273274976, 0.9941836101509819, 0.04373177467746059, 0, 0.908532136550902, -0.10769841831317958, 0.40369593451890573, 0, -3.634128546203608, 0.43079367325271833, -1.614783738075623, 1 ]
          } ],
          "options" : [ {
            "isCorrect" : true,
            "text" : "The Cascades"
          }, {
            "isCorrect" : false,
            "text" : "The Rockies"
          }, {
            "isCorrect" : false,
            "text" : "Sierra Nevada"
          }, {
            "isCorrect" : false,
            "text" : "The Olympics"
          } ],
          "prompt" : "What is the name of the mountain range these mountains are a part of?",
          "type" : "mcq"
        },
        "-KxybqABjH9j4URkMc9g" : {
          "location" : [ {
            "rotateY" : -15.144238058811489
          }, {
            "matrix" : [ 0.9972656585200249, 0, 0.07389997521394089, 0, -0.014536793223307096, 0.9804619081604511, 0.19617117089203012, 0, -0.07245611071127052, -0.19670904058117733, 0.9777809904954324, 0, 0.2898244428450821, 0.7868361623247093, -3.9111239619817297, 1 ]
          } ],
          "options" : [ {
            "isCorrect" : true,
            "text" : "Stratovolcano"
          }, {
            "isCorrect" : false,
            "text" : "Cryovolcano"
          }, {
            "isCorrect" : false,
            "text" : "Supervolcano"
          }, {
            "isCorrect" : false,
            "text" : "Subglacial Volcano"
          } ],
          "prompt" : "What type of volcano is Mt. Rainier?",
          "type" : "mcq"
        }
      },
      "rank" : 0.6,
      "source" : "SunrisePoint1.JPG",
      "title" : "Sunrise Point, Mt. Rainier",
      "type" : "quiz"
    },
    "-KycfvUyQT2oEtRObSNx" : {
      "source" : "KeechelusLake1.JPG",
      "title" : "Keechelus Lake 1"
    },
    "-KycfvUyQT2oEtRObSNy" : {
      "source" : "KeechelusLake2.JPG",
      "title" : "Keechelus Lake 2"
    },
    "-Kywo7VFc-Ob61Hms0I0" : {
      "locInfos" : {
        "-KyxEksd0w-akkHULTvz" : {
          "location" : [ {
            "rotateY" : -1.078
          }, {
            "matrix" : [ 0.9802783168395662, 0, -0.19762191562219739, 0, 0.07234693545553994, 0.9305803884020506, 0.35886774952854217, 0, 0.18390307899646174, -0.36608761344996166, 0.9122277768266721, 0, -0.735612315985847, 1.4643504537998466, -3.6489111073066884, 1 ]
          } ],
          "options" : [ {
            "isCorrect" : true,
            "text" : "Anthocyanins"
          }, {
            "isCorrect" : false,
            "text" : "Carotenoids"
          }, {
            "isCorrect" : false,
            "text" : "Lignins"
          }, {
            "isCorrect" : false,
            "text" : "Chlorophyll"
          } ],
          "prompt" : "What type of chemical gives red color to leaves?",
          "type" : "mcq"
        },
        "-KyxFkrjbOUGenKC3wh-" : {
          "location" : [ {
            "rotateY" : -1.078
          }, {
            "matrix" : [ 0.17851692448581852, 0, -0.98393684130239, 0, 0.2851658926872929, 0.9570807654262238, 0.05173801406135522, 0, 0.9417070252047522, -0.28982133884714845, 0.17085511472842255, 0, -3.766828100819009, 1.1592853553885938, -0.6834204589136902, 1 ]
          } ],
          "options" : [ {
            "isCorrect" : true,
            "text" : "Carotenoids"
          }, {
            "isCorrect" : false,
            "text" : "Anthocyanins"
          }, {
            "isCorrect" : false,
            "text" : "Chlorophyll"
          }, {
            "isCorrect" : false,
            "text" : "Lignins"
          } ],
          "prompt" : "What type of chemical gives yellow color to leaves?",
          "type" : "mcq"
        },
        "-KyxG2eTrRuU5ytrrMp4" : {
          "location" : [ {
            "rotateY" : -1.078
          }, {
            "matrix" : [ 0.9060644939887543, 0, 0.4231396137599299, 0, -0.0072141757383265325, 0.9998546524780343, 0.015447640157844673, 0, -0.42307811146562435, -0.01704916179844964, 0.9059327997598119, 0, 1.692312445862497, 0.06819664719379855, -3.6237311990392467, 1 ]
          } ],
          "options" : [ {
            "isCorrect" : true,
            "text" : "Chlorophyll"
          }, {
            "isCorrect" : false,
            "text" : "Anthocyanins"
          }, {
            "isCorrect" : false,
            "text" : "Lignins"
          }, {
            "isCorrect" : false,
            "text" : "Carotinoids"
          } ],
          "prompt" : "What type of chemical gives green color to grass?",
          "type" : "mcq"
        },
        "-KyxHLKYhtzS3H0Cpzin" : {
          "location" : [ {
            "rotateY" : -1.078
          }, {
            "matrix" : [ -0.09687231794031784, 0, 0.9952968170434736, 0, -0.13894600078153566, 0.990207614809626, -0.013523625248021517, 0, -0.9855504872322309, -0.13960257724351452, -0.0959237068887619, 0, 3.942201948928923, 0.558410308974058, 0.38369482755504747, 1 ]
          } ],
          "options" : [ {
            "isCorrect" : true,
            "text" : "Lignins"
          }, {
            "isCorrect" : false,
            "text" : "Cholrophyll"
          }, {
            "isCorrect" : false,
            "text" : "Carotenoids"
          }, {
            "isCorrect" : false,
            "text" : "Anthocyanins"
          } ],
          "prompt" : "What type of chemical gives the brown color to tree bark?",
          "type" : "mcq"
        }
      },
      "rank" : 0.6,
      "source" : "FallColors.jpg",
      "title" : "Fall Colors, WA",
      "type" : "quiz"
    },
    "-L3ezdINPX8BL65Z_qCF" : {
      "locInfos" : {
        "-L439EE5_6r8S-dbakyo" : {
          "info" : "The Trocadéro, site of the Palais de Chaillot, is an area of Paris in the 16th arrondissement. It is across the river Seine from the Eiffel Tower. The hill of the Trocadéro is the hill of Chaillot, a former village. It contains multiple museums, including a naval museum and an ethnology museum. It also contains a garden, called the Jardins du Trocadéro. This is a popular spot to view the Eiffel Tower from.",
          "location" : [ {
            "matrix" : [ -0.9999957709938254, 0, -0.0029082631353891065, 0, 1.6017672804439242E-4, 0.9984821419173383, -0.05507618918897791, 0, 0.002903848804682549, -0.05507642210750707, -0.9984779193301949, 0, -0.011615395218730196, 0.2203056884300283, 3.9939116773207797, 1 ]
          } ],
          "name" : "Place du Trocadero",
          "options" : [ {
            "isCorrect" : true,
            "text" : "Place du Trocadero"
          }, {
            "isCorrect" : false,
            "text" : "Arc de Triomphe"
          }, {
            "isCorrect" : false,
            "text" : "Palais-Royal"
          }, {
            "isCorrect" : false,
            "text" : "Conciergerie"
          } ],
          "prompt" : "What's the name of this place?",
          "type" : "mcq"
        },
        "-L43C39xs0oRviPbgZ0F" : {
          "action" : "https://www.restaurants-toureiffel.com/index.cfm/page/lid/2/rid/4152/",
          "info" : "The Eiffel Tower contains 3 restaurants: Le 58 Tour Eiffel (on the first floor), Le Jules Verne (on the second floor), and Le Bar à Champagne (at the top of the tower). Le Jules Verne is the more formal restaurant with a Michelin star. Le 58 Tour Eiffel offers diners a relaxed and family-friendly setting for a chic lunchtime picnic, before being transformed into a chic bistro come evening. Le Bar à Champagne is the perfect place to savor a flute of champagne as you take in the City of Lights.",
          "location" : [ {
            "matrix" : [ 0.9431597286145849, 0, 0.3323397754101407, 0, -0.21549966824703667, 0.7612727775599338, 0.611574730618917, 0, -0.25300122392012236, -0.6484317683042555, 0.7180018262850983, 0, 1.0120048956804895, 2.593727073217022, -2.8720073051403934, 1 ]
          } ],
          "name" : "Restaurants on the Eiffel Tower",
          "options" : [ {
            "isCorrect" : true,
            "text" : "Brasserie de la Tour Eiffel"
          }, {
            "isCorrect" : false,
            "text" : "Le 58 Tour Eiffel"
          }, {
            "isCorrect" : false,
            "text" : "Le Jules Verne"
          }, {
            "isCorrect" : false,
            "text" : "Le Bar à Champagne"
          } ],
          "prompt" : "Which of the following restaurants / bars isn't in the Eiffel Tower?",
          "type" : "mcq"
        },
        "-L43EKtKyGSmm2jVa-kb" : {
          "action" : "https://en.wikipedia.org/wiki/List_of_the_72_names_on_the_Eiffel_Tower",
          "info" : "The names of 72 French scientists, engineers, and mathematicians are engraved on the Eiffel Tower. Gustave Eiffel chose this invocation of science because of his concern over the protests against the tower when it was being built. The engravings are found on the sides of the tower under the first balcony, in gold letters about 60 cm high. Some of the famous names include Lagrange, Fourier, Laplace, Legendre, Lavoisier, Ampere, Le Chatelier, Cauchy, Fresnel, Coulomb, Foucault, Poisson, and Carnot.",
          "location" : [ {
            "matrix" : [ 0.9386872445148231, 0, -0.34476986090023654, 0, 0.2028487131393077, 0.8085992771586747, 0.5522858033266791, 0, 0.2787806603100282, -0.5883597615222071, 0.7590218273927544, 0, -1.1151226412401127, 2.3534390460888286, -3.0360873095710175, 1 ]
          } ],
          "name" : "Names Engraved on the Eiffel Tower",
          "options" : [ {
            "isCorrect" : true,
            "text" : "Scientists and Mathematicians"
          }, {
            "isCorrect" : false,
            "text" : "Painters and Sculptors"
          }, {
            "isCorrect" : false,
            "text" : "Singers and Musicians"
          }, {
            "isCorrect" : false,
            "text" : "Politicians and Royalty"
          } ],
          "prompt" : "The names of 72 of these are engraved on the tower:",
          "type" : "mcq"
        },
        "-L43NNrh5fq2X1CpGmaD" : {
          "info" : "Tour Montparnasse is a 58 story office tower in the Paris city center. The 56th floor, with a restaurant called le Ciel de Paris, and the terrace on the top floor, are open to the public for viewing the city. The tower's simple architecture, large proportions and monolithic appearance have been often criticized for being out of place in Paris's urban landscape. As a result, two years after its completion the construction of buildings over seven stories high in the city center was banned.",
          "location" : [ {
            "matrix" : [ 0.9991785935305565, 0, -0.04052330478007944, 0, 0.005873937914412716, 0.9894386743124111, 0.14483303017018154, 0, 0.040095324960359585, -0.14495209475857562, 0.988625942984213, 0, -0.1603812998414383, 0.5798083790343024, -3.954503771936851, 1 ]
          } ],
          "name" : "Tour Montparnasse",
          "options" : [ {
            "isCorrect" : false,
            "text" : "Tour Societe Generale"
          }, {
            "isCorrect" : false,
            "text" : "Tour First"
          }, {
            "isCorrect" : true,
            "text" : "Tour Montparnasse"
          }, {
            "isCorrect" : false,
            "text" : "Tour Total"
          } ],
          "prompt" : "What is the name of this building?",
          "type" : "mcq"
        },
        "-L4hG1UPiiZ8h7m5027M" : {
          "info" : "Look carefully at the emblem on the car. It's the Renault emblem. Groupe Renault is a French multinational automobile manufacturer established in 1899. It is headquartered in Boulogne-Billancourt, near Paris. Renault was the best-selling French car brand in 2017.",
          "location" : [ {
            "matrix" : [ -0.38666057329306436, 0, 0.9222220996379771, 0, 0.19003773221222367, 0.9785382976777413, 0.07967722581505825, 0, -0.9024296434605382, 0.2060650382232479, -0.37836217916929465, 0, 3.609718573842153, -0.8242601528929916, 1.5134487166771786, 1 ]
          } ],
          "name" : "Renault",
          "options" : [ {
            "isCorrect" : true,
            "text" : "Renault"
          }, {
            "isCorrect" : false,
            "text" : "Citroen"
          }, {
            "isCorrect" : false,
            "text" : "Peugeot"
          }, {
            "isCorrect" : false,
            "text" : "Volkswagen"
          } ],
          "prompt" : "What's the brand name of this car? Look carefully.",
          "type" : "mcq"
        }
      },
      "nextScene" : "-L3f-LVdYI7pGPUFrYBd",
      "rank" : 0.8,
      "source" : "EiffelTower.jpg",
      "title" : "Eiffel Tower, Paris",
      "tourTitle" : "Paris, France",
      "type" : "quiz"
    },
    "-L3ezpbCcDwoVN3NE84m" : {
      "source" : "GizaPyramids.jpg",
      "title" : "Pyramids of Giza, Egypt"
    },
    "-L3eztrs0P7jp-vi0zoi" : {
      "source" : "GoldenGateBridge.jpg",
      "title" : "Golden Gate Bridge, San Francisco"
    },
    "-L3ezz9JPD4msA15T6_H" : {
      "source" : "KinkakujiTempleKyoto.jpg",
      "title" : "Kinkakuji Temple, Kyoto"
    },
    "-L3f-33JhQPPrF2ggImM" : {
      "source" : "LasVegasStrip.jpg",
      "title" : "Las Vegas Strip"
    },
    "-L3f-6jntNFBLKOZl4PR" : {
      "source" : "LondonEye.jpg",
      "title" : "London Eye, UK"
    },
    "-L3f-ByywVjrFN_1sL26" : {
      "locInfos" : {
        "-L4hHyuXNsr2AP82hzzz" : {
          "location" : [ {
            "matrix" : [ 0.09373594833811254, 0, 0.9955970932004344, 0, -0.22893836306771176, 0.9732022516652726, 0.021554657722174353, 0, -0.9689173328540632, -0.229950815074971, 0.0912240359846308, 0, 3.875669331416253, 0.919803260299884, -0.3648961439385232, 1 ]
          } ],
          "options" : [ {
            "isCorrect" : true,
            "text" : "Hirshhorn Museum"
          }, {
            "isCorrect" : false,
            "text" : "A water tank"
          }, {
            "isCorrect" : false,
            "text" : "Capital One Arena"
          }, {
            "isCorrect" : false,
            "text" : "A skating rink"
          } ],
          "prompt" : "What's this building?",
          "type" : "mcq"
        },
        "-L4hIfJwaWrM5SnlS8Nt" : {
          "location" : [ {
            "matrix" : [ 0.778274062405054, 0, -0.6279247437293215, 0, 0.13105124024658954, 0.9779785711528439, 0.1624299442703603, 0, 0.6140969436639175, -0.20870532903076933, 0.7611353555162141, 0, -2.45638777465567, 0.8348213161230773, -3.0445414220648566, 1 ]
          } ],
          "options" : [ {
            "isCorrect" : true,
            "text" : "National Gallery of Art"
          }, {
            "isCorrect" : false,
            "text" : "Smithsonian National Museum of Natural History"
          }, {
            "isCorrect" : false,
            "text" : "The White House"
          }, {
            "isCorrect" : false,
            "text" : "Smithsonian National Air and Space Museum"
          } ],
          "prompt" : "What's this building?",
          "type" : "mcq"
        },
        "-L4hJKo_0XzpGjnApfL3" : {
          "location" : [ {
            "matrix" : [ -0.9007246433701499, 0, -0.4343905118965151, 0, 0.05616361161591144, 0.9916064463594705, -0.11645730663466473, 0, 0.43074443183397454, -0.1292929059861494, -0.8931643627606756, 0, -1.7229777273358977, 0.5171716239445975, 3.5726574510427014, 1 ]
          } ],
          "options" : [ {
            "isCorrect" : true,
            "text" : "Smithsonian National Museum of Natural History"
          }, {
            "isCorrect" : false,
            "text" : "Smithsonian National Air and Space Museum"
          }, {
            "isCorrect" : false,
            "text" : "The White House"
          }, {
            "isCorrect" : false,
            "text" : "National Gallery of Art"
          } ],
          "prompt" : "What's this building?",
          "type" : "mcq"
        },
        "-L4hKF0umQfDVxfbMGo6" : {
          "location" : [ {
            "matrix" : [ 0.9931059842562002, 0, -0.11721989606941273, 0, 0.020189206573086625, 0.9850561311428933, 0.17104623478973358, 0, 0.11546817731510772, -0.17223361605039658, 0.9782651386662675, 0, -0.4618727092604309, 0.6889344642015863, -3.91306055466507, 1 ]
          } ],
          "options" : [ {
            "isCorrect" : true,
            "text" : "The US Capitol"
          }, {
            "isCorrect" : false,
            "text" : "The National Circus"
          }, {
            "isCorrect" : false,
            "text" : "The National Puppet Show"
          }, {
            "isCorrect" : false,
            "text" : "The National Zoo"
          } ],
          "prompt" : "What's this building?",
          "type" : "mcq"
        },
        "-L4hKuonoDYc001WdLBW" : {
          "location" : [ {
            "matrix" : [ -0.910817122109973, 0, 0.4128100895948477, 0, -0.04233376665784319, 0.9947278280041005, -0.09340449879317367, 0, -0.4106336838008611, -0.10255022278983454, -0.9060151375853993, 0, 1.642534735203444, 0.41020089115933805, 3.6240605503415964, 1 ]
          } ],
          "options" : [ {
            "isCorrect" : false,
            "text" : "Fort Washington"
          }, {
            "isCorrect" : false,
            "text" : "Smithsonian National Museum of Natural History"
          }, {
            "isCorrect" : false,
